$ANSIBLE_VAULT;1.1;AES256
32346438653030663231643863366232376463333234636336636530353263336139373037613062
6533323435663662306230306366613438643433613836630a396332653462323534626531663933
39633838323665363263643434303363333331653461346533613034323166623039393261373538
3634303231626534610a376232663164623831636264393863383039366239356634313230653361
32656630336336656364666366623038666537323964633964373063653933616161363931343864
62333632653333353966623963393766333132373362633966666239353737393964303734613362
61343531376233366333366234666639333661373362343064366234613563633536366635653537
64663231363932363836626632366664373039313539643162396461346462383238656664626134
35363933333238663233643134653665346661366233373566366530336431336238366539306334
65653964396335376334363364306265323831303330306438363132656538633136353335366361
34663931323766303037333538373238326636313065336264613136356236623761656130653634
63353534396165613938333632663732663735366636613231336563623362656330616232343333
33303065333233376565666333646363316162353666666338373037303831333133646230666639
3939626430303838333735343565616162353466633166613234
